###########################################################################################################################
#Import data and prepare for analysis
###########################################################################################################################
#import data
  #run tidy_data: This script imports and tidies the raw file containing phenotypes and 
  #imports the matrix of beta values following preprocessing
  #these objects are called "SABRE_normalisedbetas" and "samplepheno"


###########################################################################################################################
#Create dataframe of Illig data (supplementary table 2) http://www.ncbi.nlm.nih.gov/pubmed/23691101
###########################################################################################################################


# CpG sites associated with smoking in Illig paper 
cpgs <- c("cg09469355",   "cg08884752", 	"cg12547807", 	"cg04885881", 	"cg21393163", 	"cg21913886", 	"cg19713429", 	"cg27537125", 	"cg15542713", 	"cg24049493", 	"cg23090529", 	"cg21140898", 	"cg19406367", 	"cg25189904", 	"cg09662411", 	"cg18146737", 	"cg12876356", 	"cg18316974", 	"cg09935388", 	"cg11231349", 	"cg08709672", 	"cg20295214", 	"cg03547355", 	"cg17819085", 	"cg23079012", 	"cg06635952", 	"cg26271591", 	"cg23667432", 	"cg03188382", 	"cg19713851", 	"cg27241845", 	"cg03329539", 	"cg06644428", 	"cg05951221", 	"cg21566642", 	"cg01940273", 	"cg13193840", 	"cg17024919", 	"cg15693572", 	"cg23480021", 	"cg03274391", 	"cg00501876", 	"cg18642234", 	"cg15417641", 	"cg00336149", 	"cg21188533", 	"cg19859270", 	"cg02657160", 	"cg25197194", 	"cg08202836", 	"cg21121843", 	"cg19719391", 	"cg24556382", 	"cg11554391", 	"cg17924476", 	"cg08606254", 	"cg12806681", 	"cg03991871", 	"cg23916896", 	"cg11902777", 	"cg01899089", 	"cg05575921", 	"cg26703534", 	"cg01097768", 	"cg14817490", 	"cg25648203", 	"cg21161138", 	"cg03604011", 	"cg24090911", 	"cg13039251", 	"cg05673882", 	"cg26908328", 	"cg16786458", 	"cg14580211", 	"cg12513616", 	"cg01882991", 	"cg06126421", 	"cg14753356", 	"cg24859433", 	"cg15342087", 	"cg17619755", 	"cg10807309", 	"cg15474579", 	"cg00931843", 	"cg00921574", 	"cg19717773", 	"cg02451831", 	"cg08972170", 	"cg19089201", 	"cg22132788", 	"cg04180046", 	"cg12803068", 	"cg07826859", 	"cg03440944", 	"cg21322436", 	"cg25949550", 	"cg11207515", 	"cg17372101", 	"cg12276019", 	"cg24540678", 	"cg13518625", 	"cg19589396", 	"cg25305703", 	"cg12075928", 	"cg26361535", 	"cg13787850", 	"cg01692968", 	"cg13910681", 	"cg22539182", 	"cg25953130", 	"cg27312979", 	"cg25421530", 	"cg01744331", 	"cg07123182", 	"cg16556677", 	"cg26963277", 	"cg04039799", 	"cg09197783", 	"cg16611234", 	"cg19254163", 	"cg21611682", 	"cg14624207", 	"cg01901332", 	"cg11660018", 	"cg23771366", 	"cg03234777", 	"cg26282236", 	"cg02583484", 	"cg04158018", 	"cg23681440", 	"cg23126342", 	"cg25491122", 	"cg06885459", 	"cg17487894", 	"cg01731783", 	"cg22851561", 	"cg24996979", 	"cg10919522", 	"cg13976502", 	"cg13038618", 	"cg05875421", 	"cg05284742", 	"cg06819357", 	"cg26242531", 	"cg11730703", 	"cg01208318", 	"cg15022400", 	"cg03489965", 	"cg18335991", 	"cg00310412", 	"cg11152412", 	"cg23161492", 	"cg05194346", 	"cg01207684", 	"cg09099830", 	"cg03155159", 	"cg00911794", 	"cg23621097", 	"cg09858022", 	"cg19572487", 	"cg04956244", 	"cg16255816", 	"cg03373393", 	"cg25809905", 	"cg21280392", 	"cg07465627", 	"cg02186444", 	"cg07251887", 	"cg06459104", 	"cg00073090", 	"cg15187398", 	"cg07381806", 	"cg00835193", 	"cg03636183", 	"cg15159987", 	"cg23973524", 	"cg11902728", 	"cg22649124", 	"cg11701312", 	"cg16201146", 	"cg07339236", 	"cg00871610", 	"cg06595162", 	"cg23110422", 	"cg22635096", 	"cg02532700", 	"cg01127300"
) 

##############

#Get reference data : use median methylation value of never smokers (get average from discovery and replication cohorts F3 and F4)
reference_never_median_beta_discovery<- c(0.3299,  0.6803,  0.1885,	0.3115,	0.0445,	0.8917,	0.0987,	0.0877,	0.4002,	0.1219,	0.2061,	0.3534,	0.8147,	0.2740,	0.4805,	0.9565,	0.5475,	0.9544,	0.5765,	0.8372,	0.6776,	0.8467,	0.6024,	0.7041,	0.9594,	0.1388,	0.2569,	0.3401,	0.2432,	0.4950,	0.4617,	0.1598,	0.2142,	0.2199,	0.5658,	0.3437,	0.1525,	0.1708,	0.2942,	0.4259,	0.3190,	0.3692,	0.2316,	0.6818,	0.2530,	0.5724,	0.9560,	0.9255,	0.4321,	0.8802,	0.1334,	0.5305,	0.7934,	0.0911,	0.2628,	0.9490,	0.9537,	0.9469,	0.1286,	0.0379,	0.2486,	0.8841,	0.6269,	0.7457,	0.1350,	0.8642,	0.6998,	0.0759,	0.8246,	0.7536,	0.1515,	0.0824,	0.1744,	0.6909,	0.2101,	0.6357,	0.7724,	0.2383,	0.9322,	0.9371,	0.6519,	0.1534,	0.3563,	0.2963,	0.1005,	0.7015,	0.8243,	0.5272,	0.9094,	0.8599,	0.2316,	0.7382,	0.5836,	0.7533,	0.2855,	0.0852,	0.2725,	0.3192,	0.1235,	0.0855,	0.0565,	0.7511,	0.7103,	0.4672,	0.7593,	0.2680,	0.1619,	0.0782,	0.1902,	0.4928,	0.5558,	0.8762,	0.9380,	0.9527,	0.8507,	0.9013,	0.1954,	0.7554,	0.1449,	0.5778,	0.5276,	0.4747,	0.6741,	0.2926,	0.1993,	0.0561,	0.5699,	0.1476,	0.1587,	0.2499,	0.5136,	0.9053,	0.3917,	0.4107,	0.6572,	0.4718,	0.0802,	0.1323,	0.2701,	0.4082,	0.0755,	0.7424,	0.6637,	0.2288,	0.7804,	0.2836,	0.0804,	0.2217,	0.6581,	0.2994,	0.0522,	0.1212,	0.3928,	0.7670,	0.5947,	0.3190,	0.2870,	0.2768,	0.3923,	0.4477,	0.5979,	0.1406,	0.0849,	0.5129,	0.2667,	0.1802,	0.5410,	0.3329,	0.2918,	0.1727,	0.2507,	0.4132,	0.8822,	0.4930,	0.6339,	0.3062,	0.3524,	0.1161,	0.3002,	0.6390,	0.0828,	0.5267,	0.8358,	0.9005,	0.2511,	0.0924,	0.4576
)
reference_never_median_beta_replication<- c(0.3021,  0.5889,	0.1623,	0.2899,	0.0572,	0.8314,	0.0961,	0.0840,	0.3784,	0.1112,	0.1670,	0.3454,	0.6663,	0.2856,	0.5557,	0.9374,	0.7010,	0.9496,	0.4757,	0.8281,	0.6442,	0.7816,	0.5325,	0.6214,	0.9578,	0.1239,	0.2535,	0.3272,	0.2194,	0.4462,	0.4457,	0.1558,	0.1147,	0.1757,	0.5511,	0.2941,	0.1388,	0.1593,	0.3159,	0.4266,	0.2872,	0.4298,	0.2206,	0.6019,	0.2315,	0.5309,	0.9502,	0.9111,	0.4084,	0.8700,	0.1209,	0.4848,	0.7247,	0.0765,	0.2556,	0.9440,	0.9459,	0.9175,	0.1158,	0.0410,	0.2381,	0.9028,	0.6180,	0.6593,	0.1327,	0.8473,	0.7304,	0.0681,	0.7998,	0.7054,	0.1427,	0.0783,	0.1752,	0.6447,	0.1823,	0.6087,	0.6919,	0.2451,	0.8774,	0.9067,	0.6169,	0.1440,	0.2999,	0.3293,	0.0767,	0.6278,	0.7564,	0.4908,	0.8742,	0.8727,	0.1987,	0.7014,	0.5631,	0.6934,	0.2849,	0.0840,	0.2166,	0.3247,	0.0974,	0.0856,	0.0567,	0.6884,	0.6679,	0.4791,	0.7442,	0.2767,	0.1370,	0.0737,	0.1757,	0.4823,	0.5413,	0.8117,	0.9294,	0.9479,	0.8239,	0.9110,	0.1845,	0.6918,	0.1228,	0.5264,	0.4844,	0.4327,	0.6406,	0.2608,	0.1859,	0.0626,	0.4957,	0.1380,	0.1395,	0.2537,	0.4865,	0.8605,	0.3839,	0.3790,	0.6395,	0.4375,	0.0813,	0.1256,	0.3003,	0.4037,	0.0665,	0.6985,	0.5934,	0.2211,	0.8144,	0.2246,	0.0842,	0.2349,	0.5936,	0.2711,	0.0633,	0.1142,	0.4374,	0.7476,	0.6128,	0.3001,	0.2034,	0.1906,	0.3709,	0.4502,	0.5706,	0.1392,	0.0763,	0.5170,	0.2527,	0.1617,	0.5200,	0.3216,	0.2842,	0.1440,	0.2113,	0.3898,	0.8938,	0.5152,	0.6090,	0.2886,	0.3680,	0.1012,	0.2918,	0.5935,	0.0707,	0.4496,	0.7731,	0.8547,	0.2046,	0.1014,	0.4485
)

#bind to form a dataframe
Illig_data<- as.data.frame(cbind(reference_never_median_beta_discovery,reference_never_median_beta_replication ))
Illig_data<- cbind(cpgs, Illig_data)
Illig_data$cpgs<- as.character(Illig_data$cpgs)

rm(reference_never_median_beta_discovery, reference_never_median_beta_replication)

#get average of reference data
Illig_data$reference_never_median_beta_all <- (Illig_data$reference_never_median_beta_discovery + Illig_data$reference_never_median_beta_replication)/2

###############

#get effect size data- find mean effect size per CpG (as methylation betas) by importing data from Illig table
